[N
50
32
5 i_D11
33
5 i_D12
47
5 i_D13
34
5 i_D14
35
5 i_D15
36
5 i_D16
40
4 i_D3
19
16 barrelshifter_32
16
6 invg_n
48
5 i_D17
5
10 ADDR_WIDTH
8
16 INPUT_BIT_LENGTH
15
8 mux2t1_n
14
11 fulladder_n
11
1 N
17
9 add_sub_n
20
5 mixed
39
10 fetchlogic
3
3 rtl
7
8 dataflow
50
9 structure
12
5 reg32
49
14 mips_processor
23
9 mux8t1_32
1
64 /home/chwoodv/Documents/Project01/cpre381-toolflow/proj/src/work
4
10 DATA_WIDTH
10
11 decoder5t32
13
10 structural
2
3 mem
9
17 OUTPUT_BIT_LENGTH
6
8 sign_ext
38
3 alu
27
10 mux16t1_32
22
4 i_D0
21
4 i_D1
25
4 i_D2
18
10 onescomp_n
24
4 i_D4
26
4 i_D5
41
4 i_D6
42
4 i_D7
44
5 i_D00
43
5 i_D01
45
5 i_D02
46
5 i_D03
29
5 i_D04
28
5 i_D05
37
5 i_D06
31
5 i_D07
30
5 i_D10
]
[G
1
6
7
1
9
1
0
32
0
0 0
0
0
]
[G
1
19
20
1
11
1
0
32
0
0 0
0
0
]
[G
1
6
7
1
8
1
0
16
0
0 0
0
0
]
[G
1
2
3
1
5
1
0
10
0
0 0
0
0
]
[G
1
39
20
1
11
1
0
32
0
0 0
0
0
]
[G
1
38
13
1
11
1
0
32
0
0 0
0
0
]
[G
1
18
13
1
11
1
0
4
0
0 0
0
0
]
[G
1
16
13
1
11
1
0
32
0
0 0
0
0
]
[G
1
49
50
1
11
1
0
32
0
0 0
0
0
]
[G
1
2
3
1
4
1
0
32
0
0 0
0
0
]
[G
1
14
13
1
11
1
0
32
0
0 0
0
0
]
[G
1
15
13
1
11
1
0
32
0
0 0
0
0
]
[G
1
15
13
2
11
1
0
32
0
0 0
0
0
]
[G
1
17
13
1
11
1
0
32
0
0 0
0
0
]
[G
1
10
7
1
11
0
0
32
0
0 0
0
0
]
[G
1
12
13
1
11
1
0
32
0
0 0
0
0
]
[P
1
23
13
21
22
2
0
0
]
[P
1
23
13
21
22
3
0
0
]
[P
1
23
13
25
22
3
0
0
]
[P
1
23
13
24
25
2
0
0
]
[P
1
23
13
26
25
2
0
0
]
[P
1
23
13
26
22
3
0
0
]
[P
1
23
13
41
22
3
0
0
]
[P
1
23
13
42
22
3
0
0
]
[P
1
23
13
26
24
1
0
0
]
[P
1
23
13
24
22
3
0
0
]
[P
1
23
13
40
22
3
0
0
]
[P
1
27
13
43
44
2
0
0
]
[P
1
27
13
45
44
2
0
0
]
[P
1
27
13
46
44
2
0
0
]
[P
1
27
13
28
29
1
0
0
]
[P
1
27
13
28
44
2
0
0
]
[P
1
27
13
37
44
2
0
0
]
[P
1
27
13
31
44
2
0
0
]
[P
1
27
13
30
31
1
0
0
]
[P
1
27
13
32
31
1
0
0
]
[P
1
27
13
33
29
1
0
0
]
[P
1
27
13
33
44
2
0
0
]
[P
1
27
13
34
29
1
0
0
]
[P
1
27
13
35
29
1
0
0
]
[P
1
27
13
36
37
1
0
0
]
[P
1
27
13
36
44
2
0
0
]
[P
1
27
13
48
44
2
0
0
]
[P
1
27
13
30
44
2
0
0
]
[P
1
27
13
32
44
2
0
0
]
[P
1
27
13
47
44
2
0
0
]
[P
1
27
13
34
44
2
0
0
]
[P
1
27
13
29
44
2
0
0
]
[P
1
27
13
35
44
2
0
0
]
[P
1
15
13
21
22
2
0
0
]
